ID,Predicted MEDV
0,23.96219892710135
1,25.015284477825368
2,12.707898319536492
3,20.480623361786552
4,21.787858657442584
5,22.540051079462614
6,18.678104091526567
7,22.280111220481757
8,32.0252534810637
9,15.282276113433
10,25.329819999321654
11,19.654435797176113
12,20.85937427254699
13,15.640091468503739
14,20.420363518178654
15,26.866503494240515
16,17.5001574907255
17,25.085748158241415
18,19.961963239798507
19,21.606719990081363
20,24.198751860631123
21,33.56538396167946
22,23.958258871077334
23,7.6187837286845195
24,15.32570774793951
25,6.437458328198616
26,15.89177044136909
27,20.689368241810353
28,23.764726091953644
29,16.315700348237726
30,34.67073900557564
31,18.679283731784242
32,18.985683650923445
33,19.737738464540307
34,25.625285860999433
35,21.465834068261977
36,29.92582099165807
37,29.584224055774715
38,36.547320578727174
39,26.219179972039434
40,15.838887835007034
41,26.364423920887756
42,24.203090381507295
43,15.49686500850294
44,18.835550538635218
45,25.635562239317778
46,14.692298332197058
47,23.894638592047276
48,15.41127273787262
49,14.292868435724175
50,20.554593612859218
51,31.999264125289773
52,21.512234646087805
53,-18.97094737644641
54,14.239440962120673
55,16.593813697807633
56,20.799494998798707
57,13.417699708837223
58,5.074553627030166
59,18.90698193583043
60,19.730703709310106
61,20.136468220476335
62,31.622294869459882
63,24.62773343922892
64,33.24967769329974
65,31.66906884655541
66,13.618668066740339
67,21.445889663988005
68,24.77392403720365
69,12.03095474325314
70,17.53080612723058
71,17.841666455259514
72,27.665294880944955
73,12.683054112364568
74,20.798805887531376
75,16.746562718629615
76,20.71571750725429
77,30.626470653632754
78,18.07702012256548
79,31.612236590586395
80,31.676907948637474
81,38.556087339310935
82,28.15879856393463
83,26.88446994070875
84,18.14778413787608
85,31.414123956780507
86,10.688899734754397
87,27.937540142370146
88,16.109902962565776
89,19.598340015610273
90,12.18791584601836
91,20.173632968081563
92,13.511858571713132
93,22.645588122533034
94,20.68022490608225
95,24.082245976011862
96,34.03286234892799
97,5.648002412730765
98,14.45048782797355
99,26.659615085892334
100,25.10374192465001
101,15.69348927591421
102,27.676506304705995
103,31.233499290496354
104,13.24607398315343
