ID,Predicted MEDV
0,23.804813694811674
1,25.029103801168766
2,12.8512310094336
3,20.799951201159423
4,21.58758084804378
5,22.533175516891088
6,18.854680055364952
7,22.09742202548803
8,31.576117337209503
9,15.445065921975905
10,25.131210674612724
11,20.062222574248075
12,20.876923563944068
13,15.882061725309377
14,20.82141766826168
15,26.581880255356396
16,17.584036125449927
17,25.188046812137
18,20.33264488943351
19,21.467259657416662
20,24.007770340680622
21,33.295672382646806
22,24.29118196796348
23,8.140577765899234
24,15.519659345079747
25,6.644075345542653
26,16.105925289349727
27,20.66097524321911
28,23.68635925460028
29,16.97273530806246
30,34.46822392164671
31,18.972080356155253
32,18.88424148001473
33,19.759533375959165
34,25.00933012828987
35,21.745875378036956
36,29.912450332567445
37,29.600323843601565
38,35.99206419723217
39,26.565477789356294
40,15.88905913554563
41,25.723338565223393
42,24.059158880899915
43,15.926142766573557
44,18.85272939006004
45,25.578156627196094
46,15.143916847724617
47,23.902554493532783
48,15.572411597978311
49,14.570183028477556
50,20.77515553740058
51,31.362283705430986
52,21.209179165977048
53,-14.780495886069481
54,14.632056485276408
55,17.08047569509987
56,20.77219388147102
57,13.263655623068372
58,6.29820287289585
59,18.748813020999506
60,19.849129745502673
61,19.582521340061156
62,31.206742191149406
63,24.581711156873755
64,32.85794270175479
65,31.188692529496617
66,13.98720945711032
67,20.880055199593325
68,24.782686362255003
69,12.771311585699845
70,17.608944412754575
71,17.53304374949639
72,27.471853271104788
73,12.484394571944943
74,20.89659978673431
75,16.311516136990853
76,20.927092569452366
77,30.428872067043947
78,18.4067801603747
79,31.038225625150854
80,31.638978073296062
81,37.61653673896577
82,27.958705004853847
83,26.611240828050978
84,18.583791041212304
85,31.093465048679704
86,11.716951018949302
87,27.64808338336509
88,15.95506071935713
89,19.96471813697493
90,12.762434174011622
91,20.27818775577052
92,13.502063550135338
93,22.53815603109638
94,20.734886373189163
95,24.055392947946824
96,33.851187330104445
97,6.385088091947843
98,14.71834231492557
99,26.2647335031923
100,25.31157147405324
101,15.647259696243585
102,27.61095468648726
103,30.819953608477014
104,12.673105793990102
