ID,Predicted MEDV
0,22.270971283352353
1,23.392694977594203
2,19.11178567809266
3,20.745035333028703
4,21.964223365285868
5,22.196570946709713
6,21.667460405900567
7,22.118616801576188
8,24.2291305876991
9,19.837682033291784
10,22.705500514331607
11,21.489587615356903
12,22.012710838406925
13,18.80628329614125
14,21.62888115877652
15,23.178623676718313
16,21.090062909469452
17,23.617907466739933
18,22.93313492954287
19,22.200478066487804
20,22.05328129591221
21,23.49396310263184
22,23.370201083880108
23,17.389351348969114
24,20.60280712903814
25,19.284500173864128
26,19.95359265402182
27,22.32960383068458
28,22.91844200918672
29,21.842857927989513
30,24.020905048017962
31,22.069193702112248
32,21.349373211344467
33,21.8768326208537
34,22.621717979403748
35,22.826109644264317
36,23.63539343682104
37,23.8482010565357
38,23.902815476850137
39,23.929917358401806
40,18.824057000405563
41,22.720990904184305
42,22.626987166177766
43,19.458884169694322
44,21.374070979335507
45,22.68975698391053
46,17.889723337364746
47,22.589313362561295
48,21.34572329008376
49,21.000849253759153
50,22.16996276577793
51,23.92502587065683
52,20.51837366195885
53,8.11798429400859
54,18.980221939389594
55,20.85634987490204
56,22.037248287356142
57,20.08174553161005
58,15.396655475279708
59,21.154950565597147
60,21.65058433482317
61,21.30668936689076
62,23.86583767601564
63,22.49167356663432
64,23.975954860204
65,23.6781905142377
66,19.12183554203225
67,21.911423224853085
68,22.79757575539596
69,17.958900358606236
70,19.96410002370296
71,21.934064368380653
72,23.212723314733353
73,19.56213915537838
74,22.158713569460478
75,19.702710643427398
76,21.004283640651884
77,23.662873852047973
78,21.815388587053008
79,24.02957252175498
80,24.052054499769334
81,23.88758547486949
82,23.409128987244557
83,22.717354113240887
84,21.88983030291079
85,23.61607900472407
86,16.797935173338516
87,23.421140258745638
88,20.228317033526764
89,22.558488247072056
90,17.888405933754548
91,22.05493011997799
92,19.04795116987245
93,22.352113080439217
94,22.40787361959483
95,22.46675243366538
96,23.836189798605027
97,19.02763043822154
98,20.039414292649838
99,22.82884749908507
100,23.34217818560962
101,19.955167208586644
102,23.60960484669317
103,23.455315367353
104,22.32248370771259
